21 25 4d 50 00 00 03 12 21 00 00 00 00 00 00 00 00 00 00 05 01 09 00 00 00 00 00 00 02 06 08 0a 00 00 00 00 00 00 05 00 04 09 05 04 02 0d 05 04 04 05 05 04 04 0f 00 00 00 00 00 00 00 00 00 00 00 00 00 00 00 00 00 00 01 01 00 00 00 00
21 25 4d 50 00 00 2b 12 10 00 00 00 00 00 00 00 00 09 00 00 00 08 00 00 00 00 00 00 01 05 08 0a 00 00 00 00 00 00 01 01 00 00 00 00
21 25 4d 50 00 00 23 11 10 00 00 00 00 00 00 00 00 00 00 01 00 08 00 00 00 00 00 00 01 05 08 0a 00 00 00 00 00 00 01 01 00 00 00 00
21 25 4d 50 00 00 01 12 64 03 00 00 00 00 00 00 00 00 00 01 0d 0c 00 01 00 00 00 00 00 00 02 04 08 0a 00 00 00 00 00 00 00 00 00 00 00 00 00 00 00 0a 00 00 00 00 00 00 00 07 00 01 00 0c 00 03 00 07 00 05 00 02 00 02 00 03 00 06 00 01 00 00 00 00 00 00 06 05 00 00 00 00 00 00 00 03 00 00 00 00 00 00 05 00 04 09 05 04 02 0d 05 04 04 05 05 04 04 0f 00 00 04 0c 05 05 04 07 04 01 00 00 0f 0f 0f 0f 0f 0f 00 00 00 00 00 00 02 00 02 0c 00 04 00 00 00 05 00 02 00 00 00 00 00 00 00 06 00 00 00 00 00 00 0a 08 00 0b 06 09 00 0e 00 0f 0b 05 00 01 0f 0f 0e 00 00 00 00 05 01 00 00 0f 01 02 00 04 00 00 00 00 00 00 04 08 07 08 00 0e 00 0e 00 01 00 02 00 03 00 04 00 05 00 06 00 07 00 08 00 09 00 0a 00 0b 0f 0f 00 03 0f 0f 00 0e 00 04 00 06 0f 00 00 04 00 03 0f 0f 0f 0f 00 01 00 00 00 00 00 03 07 04 00 01 07 0c 00 09 00 05 03 05 00 00 00 00 00 07 02 00 00 00 00 00 00 09 07 0c 00 01 03 02 00 0c 00 00 00 03 00 05 00 00 00 00 00 00 02 07 01 09 06 00 00 0a 02 00 04 03 00 0c 00 00 00 07 01 08 04 02 00 00 00 00 08 0c 04 02 00 00 00 00 04 08 04 02 02 00 04 03 0b 04 00 01 02 00 04 05 08 0d 00 01 0c 08 02 00 03 06 02 0d 00 03 06 08 0d 0c 02 04 06 0c 02 05
21 25 4d 50 00 00 01 12 64 03 39 01 02 0a 00 0c 00 00 02 00 03 03 05 04 00 03 07 0c 00 0b 00 03 09 08 04 01 00 00 04 02 09 0c 04 06 02 00 03 03 07 04 00 01 02 00 00 00 00 00 09 0b 04 0c 00 01 02 00 00 00 00 00 00 00 00 00 00 00 00 00 00 00 00 00 00 00 00 00 00 00 00 00 00 00 00 00 00 00 00 00 00 00 00 00 04 0e 0b 0c 01 02 02 02 07 00 06 01 02 04 06 08 05 04 00 01 00 01 00 00 00 00 00 01 02 0b 03 04 00 00 0b 0b 00 02 00 00 00 00 00 00 02 08 05 04 00 00 02 09 02 0e 00 00 06 04 00 00 0e 06 00 00 07 08 00 00 0e 04 00 00 09 0c 00 07 00 05 0f 0f 0f 0f 0f 0f 0f 0d 0f 0f 0f 0d 0f 0d 0f 0d 03 02 0a 00 05 0f 02 00 0f 0d 04 0c 00 00 00 05 05 03 06 03 06 05 06 0e 06 05 02 00 03 01 00 00 0b 0d 00 00 03 02 0d 0d 00 00 03 03 0d 0d 00 00 03 04 0d 0d 00 00 03 05 02 03 07 0d 06 06 01 0c 02 02 0a 03 06 06 00 00 00 05 00 00 09 08 00 00 0c 04 03 05 0f 04 02 0b 0d 08 00 01 02 02 00 0c 06 07 08 08 00 02 02 00 00 0f 03 0c 00 00 09 00 00 06 03 09 01 00 00 00 02 00 00 0f 03 0c 00 01 03 0e 0b 0c 00 00 03 09 0a 08 00 01 08 08 00 03 02 00 04 0f 0f 0c 00 00 02 00 04 0f 0b 0d 00 01 00 06 02 03 01 04 06 0f 02 02 00 0a 06 07 0c 08 04 02 08 00 01 0e 03 09 01 02
21 25 4d 50 00 00 01 12 64 03 72 02 00 00 00 00 00 00 07 0c 00 04 06 04 01 04 0f 0c 00 00 06 0c 00 01 02 02 0e 08 06 04 02 03 0c 0c 06 0e 02 07 0e 05 00 00 00 07 02 02 01 08 07 01 08 08 07 0a 02 07 04 08 00 00 02 0d 02 00 00 00 07 0c 00 06 02 00 00 0d 00 0c 00 00 06 04 00 0e 02 00 00 0b 00 0c 00 00 02 00 00 0d 07 04 00 01 02 00 01 01 0b 04 00 00 00 01 01 06 04 04 00 00 00 00 02 00 00 09 00 0c 00 00 00 02 00 08 00 00 00 00 00 00 05 0b 02 00 01 01 09 00 00 01 03 0e 0c 04 00 00 02 0a 05 04 00 05 00 02 00 09 00 00 00 00 00 00 05 01 02 02 0b 0b 07 04 00 00 00 00 0f 0f 02 00 01 0b 00 08 00 00 00 0e 00 00 00 00 0f 0f 00 00 00 00 0f 0f 00 00 00 00 0f 0f 00 00 00 00 0f 0f 00 00 00 00 0f 0f 00 00 00 00 01 01 00 00 00 00
21 25 4d 50 00 00 04 11 08 00 00 00 00 01 00 00 00 00 00 03 00 00 00 00 00 00 00 00
21 25 4d 50 00 00 03 12 10 00 00 00 00 01 00 00 00 00 00 03 00 08 00 00 00 00 00 00 01 05 00 00 00 00 00 00 00 00 01 01 00 00 00 00
21 25 4d 50 00 00 23 11 10 00 00 00 00 00 00 00 00 00 00 01 00 08 00 00 00 00 00 00 01 05 08 0a 00 00 00 00 00 00 01 01 00 00 00 00
21 25 4d 50 00 00 01 12 64 03 00 00 00 00 00 00 00 00 00 01 0d 0c 00 01 00 00 00 00 00 00 02 04 08 0a 00 00 00 00 00 00 00 00 00 00 00 00 00 00 00 0a 00 00 00 00 00 00 00 07 00 01 00 0c 00 03 00 07 00 05 00 02 00 02 00 03 00 06 00 01 00 00 00 00 00 00 06 05 00 00 00 00 00 00 00 03 00 00 00 00 00 00 05 00 04 09 05 04 02 0d 05 04 04 05 05 04 04 0f 00 00 04 0c 05 05 04 07 04 01 00 00 0f 0f 0f 0f 0f 0f 00 00 00 00 00 00 02 00 02 0c 00 04 00 00 00 05 00 02 00 00 00 00 00 00 00 06 00 00 00 00 00 00 0a 08 00 0b 06 09 00 0e 00 0f 0b 05 00 01 0f 0f 0e 00 00 00 00 05 01 00 00 0f 01 02 00 04 00 00 00 00 00 00 04 08 07 08 00 0e 00 0e 00 01 00 02 00 03 00 04 00 05 00 06 00 07 00 08 00 09 00 0a 00 0b 0f 0f 00 03 0f 0f 00 0e 00 04 00 06 0f 00 00 04 00 03 0f 0f 0f 0f 00 01 00 00 00 00 00 03 07 04 00 01 07 0c 00 09 00 05 03 05 00 00 00 00 00 07 02 00 00 00 00 00 00 09 07 0c 00 01 03 02 00 0c 00 00 00 03 00 05 00 00 00 00 00 00 02 07 01 09 06 00 00 0a 02 00 04 03 00 0c 00 00 00 07 01 08 04 02 00 00 00 00 08 0c 04 02 00 00 00 00 04 08 04 02 02 00 04 03 0b 04 00 01 02 00 04 05 08 0d 00 01 0c 08 02 00 03 06 02 0d 00 03 06 08 0d 0c 02 04 06 0c 02 05
21 25 4d 50 00 00 01 12 64 03 39 01 02 0a 00 0c 00 00 02 00 03 03 05 04 00 03 07 0c 00 0b 00 03 09 08 04 01 00 00 04 02 09 0c 04 06 02 00 03 03 07 04 00 01 02 00 00 00 00 00 09 0b 04 0c 00 01 02 00 00 00 00 00 00 00 00 00 00 00 00 00 00 00 00 00 00 00 00 00 00 00 00 00 00 00 00 00 00 00 00 00 00 00 00 00 04 0e 0b 0c 01 02 02 02 07 00 06 01 02 04 06 08 05 04 00 01 00 01 00 00 00 00 00 01 02 0b 03 04 00 00 0b 0b 00 02 00 00 00 00 00 00 02 08 05 04 00 00 02 09 02 0e 00 00 06 04 00 00 0e 06 00 00 07 08 00 00 0e 04 00 00 09 0c 00 07 00 05 0f 0f 0f 0f 0f 0f 0f 0d 0f 0f 0f 0d 0f 0d 0f 0d 03 02 0a 00 05 0f 02 00 0f 0d 04 0c 00 00 00 05 05 03 06 03 06 05 06 0e 06 05 02 00 03 01 00 00 0b 0d 00 00 03 02 0d 0d 00 00 03 03 0d 0d 00 00 03 04 0d 0d 00 00 03 05 02 03 07 0d 06 06 01 0c 02 02 0a 03 06 06 00 00 00 05 00 00 09 08 00 00 0c 04 03 05 0f 04 02 0b 0d 08 00 01 02 02 00 0c 06 07 08 08 00 02 02 00 00 0f 03 0c 00 00 09 00 00 06 03 09 01 00 00 00 02 00 00 0f 03 0c 00 01 03 0e 0b 0c 00 00 03 09 0a 08 00 01 08 08 00 03 02 00 04 0f 0f 0c 00 00 02 00 04 0f 0b 0d 00 01 00 06 02 03 01 04 06 0f 02 02 00 0a 06 07 0c 08 04 02 08 00 01 0e 03 09 01 02
21 25 4d 50 00 00 01 12 64 03 72 02 00 00 00 00 00 00 07 0c 00 04 06 04 01 04 0f 0c 00 00 06 0c 00 01 02 02 0e 08 06 04 02 03 0c 0c 06 0e 02 07 0e 05 00 00 00 07 02 02 01 08 07 01 08 08 07 0a 02 07 04 08 00 00 02 0d 02 00 00 00 07 0c 00 06 02 00 00 0d 00 0c 00 00 06 04 00 0e 02 00 00 0b 00 0c 00 00 02 00 00 0d 07 04 00 01 02 00 01 01 0b 04 00 00 00 01 01 06 04 04 00 00 00 00 02 00 00 09 00 0c 00 00 00 02 00 08 00 00 00 00 00 00 05 0b 02 00 01 01 09 00 00 01 03 0e 0c 04 00 00 02 0a 05 04 00 05 00 02 00 09 00 00 00 00 00 00 05 01 02 02 0b 0b 07 04 00 00 00 00 0f 0f 02 00 01 0b 00 08 00 00 00 0e 00 00 00 00 0f 0f 00 00 00 00 0f 0f 00 00 00 00 0f 0f 00 00 00 00 0f 0f 00 00 00 00 0f 0f 00 00 00 00 01 01 00 00 00 00
21 25 4d 50 00 00 04 11 08 00 00 00 00 01 00 00 00 00 00 03 00 00 00 00 00 00 00 00
21 25 4d 50 00 00 03 12 10 00 00 00 00 01 00 00 00 00 00 03 00 08 00 00 00 00 00 00 01 05 00 00 00 00 00 00 00 00 01 01 00 00 00 00
21 25 4d 50 00 00 1d 11 10 00 00 00 00 00 00 00 00 00 00 01 00 08 00 00 00 00 00 00 01 05 09 03 00 00 00 00 00 00 01 01 00 00 00 00
21 25 4d 50 00 00 01 12 78 03 00 00 00 00 00 00 00 00 00 01 0f 00 00 01 00 00 00 00 00 00 02 04 09 03 00 00 00 00 00 00 00 00 00 00 00 00 00 00 00 0a 00 00 00 00 00 00 00 07 00 01 00 0c 00 03 00 07 00 05 00 02 00 02 00 03 00 06 00 01 00 00 00 00 00 00 06 05 00 00 00 00 00 00 00 03 00 00 00 00 00 00 04 04 04 05 05 04 02 0d 04 0c 05 05 04 07 04 01 00 00 05 03 05 07 04 05 04 05 00 00 0f 0f 0f 0f 0f 0f 00 00 00 00 00 00 02 00 02 0c 00 04 00 00 00 05 00 02 00 00 00 00 00 00 00 06 00 00 00 00 00 00 0a 08 00 0b 06 09 00 0e 00 0f 0b 05 00 01 0f 0f 0e 00 00 00 00 05 01 00 00 0f 01 02 00 04 00 00 00 00 00 00 04 08 07 08 00 0e 00 0f 00 01 00 02 00 03 00 04 00 05 00 06 00 07 00 08 00 09 00 0a 00 0b 0f 0f 00 03 0f 0f 00 0e 00 04 00 06 00 0a 0f 04 00 04 00 02 0f 0f 00 01 00 00 00 00 00 03 07 00 00 01 07 0c 00 09 00 09 03 0e 00 00 00 00 00 07 02 00 00 00 00 00 00 09 03 05 00 00 00 00 00 0b 06 0c 00 02 02 0e 00 0c 00 00 00 03 00 05 00 00 00 00 00 00 02 07 01 09 06 00 00 0a 02 00 04 03 00 0c 00 00 00 07 0f 00 04 01 00 00 00 00 08 0c 04 02 00 00 00 00 04 08 04 02 02 00 04 03 0b 04 00 01 02 00 04 05 08 0d 00 01 0c 08 02 00 03 06 02 0c 00 03 06 0c
21 25 4d 50 00 00 01 12 78 03 39 01 02 05 07 0c 02 04 02 0a 00 0c 00 00 02 00 03 07 04 04 00 03 06 0c 00 0c 00 03 09 08 04 01 00 00 04 02 09 0c 04 06 02 00 03 01 08 04 00 01 00 03 0a 00 04 01 00 00 00 00 0f 0a 04 03 02 00 0a 0d 0c 0c 00 07 02 00 03 01 09 04 00 04 02 00 00 00 07 06 04 04 00 01 06 0c 07 00 02 00 00 00 00 00 00 00 00 00 00 00 00 00 00 00 00 00 00 00 00 00 00 00 00 00 00 00 00 00 00 00 00 00 00 00 00 00 04 0a 0b 0f 01 02 00 01 00 00 00 00 02 02 07 0d 06 01 00 00 09 0a 00 00 00 01 00 01 0c 0c 00 01 0b 04 00 01 02 06 03 08 05 00 02 08 08 0c 00 00 02 09 05 0e 00 00 06 04 00 00 0e 06 00 00 07 08 00 00 0e 04 00 00 09 08 00 07 00 05 0f 0f 0f 0f 0f 0f 0f 0d 0f 0f 0f 0d 0f 0d 0f 0d 02 0e 09 00 05 0f 02 00 00 00 00 02 03 0c 00 00 00 05 05 03 06 03 06 05 06 0e 06 05 02 00 03 01 00 00 0b 0d 00 00 03 02 0d 0d 00 00 03 03 0d 0d 00 00 03 04 0d 0d 00 00 03 05 02 03 07 0d 06 06 01 0c 02 02 0a 03 06 06 00 00 00 05 00 00 09 08 00 00 0c 00 03 05 0e 04 02 0c 0d 08 00 01 02 02 00 0c 06 07 08 08 00 02 02 00 00 0f 03 0c 00 00 09 00 00 06 03 09 01 00 00 00 02 00 00 0f 03 0c 00 01 03 0e 0b 0c 00 00 03 09 0a 08 00 01 08 08 00 03 02 00 04 0f
21 25 4d 50 00 00 01 12 78 03 72 02 0f 0c 00 00 02 00 04 0f 0b 0d 00 01 00 06 02 03 01 04 06 0f 02 02 00 0a 06 07 0c 08 04 02 08 00 01 0e 03 09 01 02 00 00 00 00 00 00 07 0c 00 04 06 04 01 04 0f 0c 00 00 06 0c 00 01 02 02 0e 08 06 04 02 03 0c 0c 06 0e 02 07 0e 05 00 00 00 07 02 02 01 08 07 01 06 01 07 07 00 01 02 07 04 08 00 00 02 0d 02 00 00 00 07 0c 00 06 02 00 00 0d 00 0c 00 00 06 04 00 0e 02 00 00 0b 00 0c 00 00 02 00 00 0d 07 04 00 01 02 00 01 01 0b 04 00 00 00 01 01 06 04 04 00 00 00 00 02 00 00 09 00 0c 00 00 00 02 00 08 00 00 00 00 00 00 05 0b 02 00 01 01 09 00 00 01 03 0e 0c 04 00 00 02 0a 05 04 00 05 00 02 00 09 00 00 00 00 00 00 05 01 02 02 0b 0b 07 04 00 00 00 00 0f 0f 02 00 01 0b 00 08 00 00 00 0e 00 00 00 00 0f 0f 00 00 00 00 0f 0f 00 00 00 00 0f 0f 00 00 00 00 0f 0f 00 00 00 00 0f 0f 00 00 00 00 01 01 00 00 00 00
21 25 4d 50 00 00 04 11 08 00 00 00 00 01 00 00 00 00 00 03 00 00 00 00 00 00 00 00
21 25 4d 50 00 00 03 12 10 00 00 00 00 01 00 00 00 00 00 03 00 08 00 00 00 00 00 00 01 05 00 00 00 00 00 00 00 00 01 01 00 00 00 00
21 25 4d 50 00 00 1e 11 10 00 00 00 00 03 00 00 00 0a 00 01 00 08 00 00 00 00 00 00 01 05 00 00 00 00 00 00 00 00 01 01 00 00 00 00
21 25 4d 50 00 00 01 12 14 00 00 00 00 03 00 00 00 0a 00 01 00 0c 00 00 00 00 00 00 01 09 00 00 00 00 00 00 00 00 00 00 00 00 02 05 04 04 01 01 00 00 00 00
21 25 4d 50 00 00 1e 11 10 00 00 00 00 03 00 00 00 0a 00 01 00 08 00 00 00 00 00 00 01 05 00 00 00 00 00 00 00 00 01 01 00 00 00 00
21 25 4d 50 00 00 01 12 14 00 00 00 00 03 00 00 00 0a 00 01 00 0c 00 00 00 00 00 00 01 09 00 00 00 00 00 00 00 00 00 00 00 00 02 05 04 04 01 01 00 00 00 00
21 25 4d 50 00 00 25 12 10 00 00 00 00 00 00 00 00 09 00 00 00 08 00 00 00 00 00 00 01 05 09 03 00 00 00 00 00 00 01 01 00 00 00 00
21 25 4d 50 00 00 0f 12 0d 00 00 00 00 01 00 00 00 00 00 03 00 05 00 00 00 00 00 00 01 02 00 01 01 01 00 00 00 00
21 25 4d 50 00 00 30 12 14 00 00 00 00 03 00 00 00 04 00 01 00 0c 00 00 00 00 00 00 01 09 00 06 00 00 00 00 00 00 00 00 00 00 00 04 04 02 01 01 00 00 00 00
21 25 4d 50 00 00 03 12 10 00 00 00 00 03 00 00 00 00 00 03 00 08 00 00 00 00 00 00 01 05 00 01 00 00 00 00 00 00 01 01 00 00 00 00
21 25 4d 50 00 00 04 11 08 00 00 00 00 01 00 00 00 00 00 03 00 00 00 00 00 00 00 00
21 25 4d 50 00 00 03 12 10 00 00 00 00 01 00 00 00 00 00 03 00 08 00 00 00 00 00 00 01 05 00 01 00 00 00 00 00 00 01 01 00 00 00 00
21 25 4d 50 00 00 25 12 10 00 00 00 00 00 00 00 00 09 00 00 00 08 00 00 00 00 00 00 01 05 09 03 00 00 00 00 00 00 01 01 00 00 00 00
21 25 4d 50 00 00 77 12 21 00 00 00 00 00 00 00 00 05 01 09 00 00 00 00 00 00 02 06 07 0d 00 00 00 00 00 00 05 04 04 05 05 03 05 04 02 0d 05 05 05 03 04 02 00 00 00 00 00 00 00 00 00 00 00 00 00 00 00 00 00 00 00 00 01 01 00 00 00 00
21 25 4d 50 00 00 25 11 10 00 00 00 00 00 00 00 00 00 00 01 00 08 00 00 00 00 00 00 01 05 07 0d 00 00 00 00 00 00 01 01 00 00 00 00
21 25 4d 50 00 00 03 12 10 00 00 00 00 03 00 00 00 00 00 03 00 08 00 00 00 00 00 00 01 05 00 00 00 00 00 00 00 00 01 01 00 00 00 00
21 25 4d 50 00 00 01 12 74 02 00 00 00 00 00 00 00 00 00 01 06 0c 00 01 00 00 00 00 00 00 01 08 07 0d 00 00 00 00 00 00 00 00 00 00 00 00 00 00 00 0a 00 00 00 00 00 00 00 07 00 01 00 0c 00 03 00 07 00 05 00 02 00 02 00 03 00 06 00 01 00 00 00 00 00 00 06 05 00 00 00 00 00 00 00 02 00 00 00 00 00 00 04 05 06 0d 07 00 07 04 07 09 00 00 0f 0f 0f 0f 02 07 00 05 00 00 00 00 02 00 02 0e 00 00 00 00 07 00 00 0c 00 01 00 06 00 00 00 00 00 00 0a 00 00 0c 00 02 00 03 00 00 00 00 00 00 00 0f 02 07 03 04 00 00 0a 0c 00 02 00 05 01 00 00 0f 01 02 00 04 00 00 00 00 00 00 04 08 06 00 00 0f 00 08 00 01 00 02 00 03 00 04 00 05 00 06 00 07 00 08 00 09 00 0a 00 0b 0b 00 00 03 02 00 01 05 01 04 00 00 00 03 00 05 00 00 00 00 00 00 02 07 01 09 06 00 00 0a 02 00 00 00 00 00 00 00 00 00 00 00 00 00 00 00 00 00 00 00 00 00 00 00 00 00 00 00 00 00 00 00 00 00 00 00 00 00 00 00 00 00 00 00 00 00 00 00 0a 00 00 0e 00 00 06 04 00 00 0e 06 00 00 07 08 00 00 0e 04 00 00 02 02 0a 04 06 02 02 05 0e 04 06 00 02 00 01 05 02 00 06 00 02 00 0d 0d 0d 04 00 00 00 05 05 03 06 03 06 05 06 0e 06 05 02 00 03 01 00 00 0b 0d 00 00 03 02 0d 0d 00 00 03 03 0d 0d 00 00 03 04
21 25 4d 50 00 00 01 12 74 02 39 01 0d 0e 00 00 03 05 00 00 02 02 07 0d 06 06 01 0c 02 02 0a 00 06 06 08 04 00 01 02 02 08 0c 06 06 02 04 0d 08 06 04 0f 04 02 07 0b 04 00 01 02 06 00 0e 06 07 0f 0f 0f 0f 02 00 00 0f 03 0c 00 00 0f 0c 00 08 03 06 01 0c 00 00 02 00 00 0f 03 0c 00 01 03 0e 0b 0c 00 00 03 06 09 0c 00 01 0f 0c 00 02 02 00 04 0f 0f 0c 00 00 02 00 04 0f 0b 0c 00 01 0a 04 03 04 00 03 0c 08 04 02 00 00 00 00 0c 08 04 02 0e 0c 01 0e 03 06 01 0c 00 00 06 0c 00 04 0b 0c 01 03 07 0c 00 05 0a 04 00 01 00 01 00 00 00 00 04 08 04 02 06 04 00 01 02 0a 0c 0d 00 00 00 07 02 02 01 08 07 01 00 02 00 01 00 00 00 00 00 01 00 01 02 0a 05 04 00 00 02 0a 02 0c 00 00 06 04 00 06 02 00 00 0d 00 0c 00 00 06 04 00 0e 02 00 00 0b 00 0c 00 00 02 00 00 0d 07 04 00 01 02 00 01 01 0b 04 00 00 00 01 01 06 04 04 00 00 00 00 02 00 00 09 00 0c 00 00 00 02 00 08 00 00 00 00 00 00 05 0b 02 00 01 01 09 00 00 01 03 0e 0c 04 00 00 02 0a 04 08 00 05 00 02 00 09 00 00 00 00 00 00 05 01 02 02 0b 0b 07 04 00 00 00 00 0f 0f 02 00 01 0b 00 08 00 00 00 0e 00 00 00 00 0f 0f 00 00 00 00 0f 0f 00 00 00 00 0f 0f 00 00 00 00 0f 0f 00 00 00 00 0f 0f 00 00 00 00 01 01
21 25 4d 50 00 00 01 12 74 02 72 02 00 00 00 00
21 25 4d 50 00 00 04 11 08 00 00 00 00 01 00 00 00 00 00 03 00 00 00 00 00 00 00 00
21 25 4d 50 00 00 03 12 10 00 00 00 00 01 00 00 00 00 00 03 00 08 00 00 00 00 00 00 01 05 00 00 00 00 00 00 00 00 01 01 00 00 00 00
21 25 4d 50 00 00 1e 11 10 00 00 00 00 03 00 00 00 0a 00 01 00 08 00 00 00 00 00 00 01 05 00 00 00 00 00 00 00 00 01 01 00 00 00 00
21 25 4d 50 00 00 01 12 14 00 00 00 00 03 00 00 00 0a 00 01 00 0c 00 00 00 00 00 00 01 09 00 00 00 00 00 00 00 00 00 00 00 00 02 05 04 04 01 01 00 00 00 00
21 25 4d 50 00 00 1e 11 10 00 00 00 00 03 00 00 00 0a 00 01 00 08 00 00 00 00 00 00 01 05 00 00 00 00 00 00 00 00 01 01 00 00 00 00
21 25 4d 50 00 00 01 12 14 00 00 00 00 03 00 00 00 0a 00 01 00 0c 00 00 00 00 00 00 01 09 00 00 00 00 00 00 00 00 00 00 00 00 02 05 04 04 01 01 00 00 00 00
21 25 4d 50 00 00 25 11 10 00 00 00 00 00 00 00 00 00 00 01 00 08 00 00 00 00 00 00 01 05 07 0d 00 00 00 00 00 00 01 01 00 00 00 00
21 25 4d 50 00 00 01 12 74 02 00 00 00 00 00 00 00 00 00 01 06 0c 00 01 00 00 00 00 00 00 01 08 07 0d 00 00 00 00 00 00 00 00 00 00 00 00 00 00 00 0a 00 00 00 00 00 00 00 07 00 01 00 0c 00 03 00 07 00 05 00 02 00 02 00 03 00 06 00 01 00 00 00 00 00 00 06 05 00 00 00 00 00 00 00 02 00 00 00 00 00 00 04 05 06 0d 07 00 07 04 07 09 00 00 0f 0f 0f 0f 02 07 00 05 00 00 00 00 02 00 02 0e 00 00 00 00 07 00 00 0c 00 01 00 06 00 00 00 00 00 00 0a 00 00 0c 00 02 00 03 00 00 00 00 00 00 00 0f 02 07 03 04 00 00 0a 0c 00 02 00 05 01 00 00 0f 01 02 00 04 00 00 00 00 00 00 04 08 06 00 00 0f 00 08 00 01 00 02 00 03 00 04 00 05 00 06 00 07 00 08 00 09 00 0a 00 0b 0b 00 00 03 02 00 01 05 01 04 00 00 00 03 00 05 00 00 00 00 00 00 02 07 01 09 06 00 00 0a 02 00 00 00 00 00 00 00 00 00 00 00 00 00 00 00 00 00 00 00 00 00 00 00 00 00 00 00 00 00 00 00 00 00 00 00 00 00 00 00 00 00 00 00 00 00 00 00 0a 00 00 0e 00 00 06 04 00 00 0e 06 00 00 07 08 00 00 0e 04 00 00 02 02 0a 04 06 02 02 05 0e 04 06 00 02 00 01 05 02 00 06 00 02 00 0d 0d 0d 04 00 00 00 05 05 03 06 03 06 05 06 0e 06 05 02 00 03 01 00 00 0b 0d 00 00 03 02 0d 0d 00 00 03 03 0d 0d 00 00 03 04
21 25 4d 50 00 00 01 12 74 02 39 01 0d 0e 00 00 03 05 00 00 02 02 07 0d 06 06 01 0c 02 02 0a 00 06 06 08 04 00 01 02 02 08 0c 06 06 02 04 0d 08 06 04 0f 04 02 07 0b 04 00 01 02 06 00 0e 06 07 0f 0f 0f 0f 02 00 00 0f 03 0c 00 00 0f 0c 00 08 03 06 01 0c 00 00 02 00 00 0f 03 0c 00 01 03 0e 0b 0c 00 00 03 06 09 0c 00 01 0f 0c 00 02 02 00 04 0f 0f 0c 00 00 02 00 04 0f 0b 0c 00 01 0a 04 03 04 00 03 0c 08 04 02 00 00 00 00 0c 08 04 02 0e 0c 01 0e 03 06 01 0c 00 00 06 0c 00 04 0b 0c 01 03 07 0c 00 05 0a 04 00 01 00 01 00 00 00 00 04 08 04 02 06 04 00 01 02 0a 0c 0d 00 00 00 07 02 02 01 08 07 01 00 02 00 01 00 00 00 00 00 01 00 01 02 0a 05 04 00 00 02 0a 02 0c 00 00 06 04 00 06 02 00 00 0d 00 0c 00 00 06 04 00 0e 02 00 00 0b 00 0c 00 00 02 00 00 0d 07 04 00 01 02 00 01 01 0b 04 00 00 00 01 01 06 04 04 00 00 00 00 02 00 00 09 00 0c 00 00 00 02 00 08 00 00 00 00 00 00 05 0b 02 00 01 01 09 00 00 01 03 0e 0c 04 00 00 02 0a 04 08 00 05 00 02 00 09 00 00 00 00 00 00 05 01 02 02 0b 0b 07 04 00 00 00 00 0f 0f 02 00 01 0b 00 08 00 00 00 0e 00 00 00 00 0f 0f 00 00 00 00 0f 0f 00 00 00 00 0f 0f 00 00 00 00 0f 0f 00 00 00 00 0f 0f 00 00 00 00 01 01
21 25 4d 50 00 00 01 12 74 02 72 02 00 00 00 00
21 25 4d 50 00 00 04 11 08 00 00 00 00 01 00 00 00 00 00 03 00 00 00 00 00 00 00 00
21 25 4d 50 00 00 03 12 10 00 00 00 00 01 00 00 00 00 00 03 00 08 00 00 00 00 00 00 01 05 00 00 00 00 00 00 00 00 01 01 00 00 00 00
21 25 4d 50 00 00 77 12 21 00 00 00 00 00 00 00 00 05 01 09 00 00 00 00 00 00 02 06 07 0d 00 00 00 00 00 00 05 04 04 05 05 03 05 04 02 0d 05 05 05 03 04 02 00 00 00 00 00 00 00 00 00 00 00 00 00 00 00 00 00 00 00 00 01 01 00 00 00 00
21 25 4d 50 00 00 25 11 10 00 00 00 00 00 00 00 00 00 00 01 00 08 00 00 00 00 00 00 01 05 07 0d 00 00 00 00 00 00 01 01 00 00 00 00
21 25 4d 50 00 00 01 12 74 02 00 00 00 00 00 00 00 00 00 01 06 0c 00 01 00 00 00 00 00 00 01 08 07 0d 00 00 00 00 00 00 00 00 00 00 00 00 00 00 00 0a 00 00 00 00 00 00 00 07 00 01 00 0c 00 03 00 07 00 05 00 02 00 02 00 03 00 06 00 01 00 00 00 00 00 00 06 05 00 00 00 00 00 00 00 02 00 00 00 00 00 00 04 05 06 0d 07 00 07 04 07 09 00 00 0f 0f 0f 0f 02 07 00 05 00 00 00 00 02 00 02 0e 00 00 00 00 07 00 00 0c 00 01 00 06 00 00 00 00 00 00 0a 00 00 0c 00 02 00 03 00 00 00 00 00 00 00 0f 02 07 03 04 00 00 0a 0c 00 02 00 05 01 00 00 0f 01 02 00 04 00 00 00 00 00 00 04 08 06 00 00 0f 00 08 00 01 00 02 00 03 00 04 00 05 00 06 00 07 00 08 00 09 00 0a 00 0b 0b 00 00 03 02 00 01 05 01 04 00 00 00 03 00 05 00 00 00 00 00 00 02 07 01 09 06 00 00 0a 02 00 00 00 00 00 00 00 00 00 00 00 00 00 00 00 00 00 00 00 00 00 00 00 00 00 00 00 00 00 00 00 00 00 00 00 00 00 00 00 00 00 00 00 00 00 00 00 0a 00 00 0e 00 00 06 04 00 00 0e 06 00 00 07 08 00 00 0e 04 00 00 02 02 0a 04 06 02 02 05 0e 04 06 00 02 00 01 05 02 00 06 00 02 00 0d 0d 0d 04 00 00 00 05 05 03 06 03 06 05 06 0e 06 05 02 00 03 01 00 00 0b 0d 00 00 03 02 0d 0d 00 00 03 03 0d 0d 00 00 03 04
21 25 4d 50 00 00 01 12 74 02 39 01 0d 0e 00 00 03 05 00 00 02 02 07 0d 06 06 01 0c 02 02 0a 00 06 06 08 04 00 01 02 02 08 0c 06 06 02 04 0d 08 06 04 0f 04 02 07 0b 04 00 01 02 06 00 0e 06 07 0f 0f 0f 0f 02 00 00 0f 03 0c 00 00 0f 0c 00 08 03 06 01 0c 00 00 02 00 00 0f 03 0c 00 01 03 0e 0b 0c 00 00 03 06 09 0c 00 01 0f 0c 00 02 02 00 04 0f 0f 0c 00 00 02 00 04 0f 0b 0c 00 01 0a 04 03 04 00 03 0c 08 04 02 00 00 00 00 0c 08 04 02 0e 0c 01 0e 03 06 01 0c 00 00 06 0c 00 04 0b 0c 01 03 07 0c 00 05 0a 04 00 01 00 01 00 00 00 00 04 08 04 02 06 04 00 01 02 0a 0c 0d 00 00 00 07 02 02 01 08 07 01 00 02 00 01 00 00 00 00 00 01 00 01 02 0a 05 04 00 00 02 0a 02 0c 00 00 06 04 00 06 02 00 00 0d 00 0c 00 00 06 04 00 0e 02 00 00 0b 00 0c 00 00 02 00 00 0d 07 04 00 01 02 00 01 01 0b 04 00 00 00 01 01 06 04 04 00 00 00 00 02 00 00 09 00 0c 00 00 00 02 00 08 00 00 00 00 00 00 05 0b 02 00 01 01 09 00 00 01 03 0e 0c 04 00 00 02 0a 04 08 00 05 00 02 00 09 00 00 00 00 00 00 05 01 02 02 0b 0b 07 04 00 00 00 00 0f 0f 02 00 01 0b 00 08 00 00 00 0e 00 00 00 00 0f 0f 00 00 00 00 0f 0f 00 00 00 00 0f 0f 00 00 00 00 0f 0f 00 00 00 00 0f 0f 00 00 00 00 01 01
21 25 4d 50 00 00 01 12 74 02 72 02 00 00 00 00
21 25 4d 50 00 00 04 11 08 00 00 00 00 01 00 00 00 00 00 03 00 00 00 00 00 00 00 00
21 25 4d 50 00 00 03 12 10 00 00 00 00 01 00 00 00 00 00 03 00 08 00 00 00 00 00 00 01 05 00 00 00 00 00 00 00 00 01 01 00 00 00 00
21 25 4d 50 00 00 2d 12 10 00 00 00 00 00 00 00 00 09 00 00 00 08 00 00 00 00 00 00 01 05 07 0d 00 00 00 00 00 00 01 01 00 00 00 00
21 25 4d 50 00 00 77 12 21 00 00 00 00 00 00 00 00 05 01 09 00 00 00 00 00 00 02 06 07 0d 00 00 00 00 00 00 05 04 04 05 05 03 05 04 02 0d 05 05 05 03 04 02 00 00 00 00 00 00 00 00 00 00 00 00 00 00 00 00 00 00 00 00 01 01 00 00 00 00
21 25 4d 50 00 00 25 11 10 00 00 00 00 00 00 00 00 00 00 01 00 08 00 00 00 00 00 00 01 05 07 0d 00 00 00 00 00 00 01 01 00 00 00 00
21 25 4d 50 00 00 01 12 74 02 00 00 00 00 00 00 00 00 00 01 06 0c 00 01 00 00 00 00 00 00 01 08 07 0d 00 00 00 00 00 00 00 00 00 00 00 00 00 00 00 0a 00 00 00 00 00 00 00 07 00 01 00 0c 00 03 00 07 00 05 00 02 00 02 00 03 00 06 00 01 00 00 00 00 00 00 06 05 00 00 00 00 00 00 00 02 00 00 00 00 00 00 04 05 06 0d 07 00 07 04 07 09 00 00 0f 0f 0f 0f 02 07 00 05 00 00 00 00 02 00 02 0e 00 00 00 00 07 00 00 0c 00 01 00 06 00 00 00 00 00 00 0a 00 00 0c 00 02 00 03 00 00 00 00 00 00 00 0f 02 07 03 04 00 00 0a 0c 00 02 00 05 01 00 00 0f 01 02 00 04 00 00 00 00 00 00 04 08 06 00 00 0f 00 08 00 01 00 02 00 03 00 04 00 05 00 06 00 07 00 08 00 09 00 0a 00 0b 0b 00 00 03 02 00 01 05 01 04 00 00 00 03 00 05 00 00 00 00 00 00 02 07 01 09 06 00 00 0a 02 00 00 00 00 00 00 00 00 00 00 00 00 00 00 00 00 00 00 00 00 00 00 00 00 00 00 00 00 00 00 00 00 00 00 00 00 00 00 00 00 00 00 00 00 00 00 00 0a 00 00 0e 00 00 06 04 00 00 0e 06 00 00 07 08 00 00 0e 04 00 00 02 02 0a 04 06 02 02 05 0e 04 06 00 02 00 01 05 02 00 06 00 02 00 0d 0d 0d 04 00 00 00 05 05 03 06 03 06 05 06 0e 06 05 02 00 03 01 00 00 0b 0d 00 00 03 02 0d 0d 00 00 03 03 0d 0d 00 00 03 04
21 25 4d 50 00 00 01 12 74 02 39 01 0d 0e 00 00 03 05 00 00 02 02 07 0d 06 06 01 0c 02 02 0a 00 06 06 08 04 00 01 02 02 08 0c 06 06 02 04 0d 08 06 04 0f 04 02 07 0b 04 00 01 02 06 00 0e 06 07 0f 0f 0f 0f 02 00 00 0f 03 0c 00 00 0f 0c 00 08 03 06 01 0c 00 00 02 00 00 0f 03 0c 00 01 03 0e 0b 0c 00 00 03 06 09 0c 00 01 0f 0c 00 02 02 00 04 0f 0f 0c 00 00 02 00 04 0f 0b 0c 00 01 0a 04 03 04 00 03 0c 08 04 02 00 00 00 00 0c 08 04 02 0e 0c 01 0e 03 06 01 0c 00 00 06 0c 00 04 0b 0c 01 03 07 0c 00 05 0a 04 00 01 00 01 00 00 00 00 04 08 04 02 06 04 00 01 02 0a 0c 0d 00 00 00 07 02 02 01 08 07 01 00 02 00 01 00 00 00 00 00 01 00 01 02 0a 05 04 00 00 02 0a 02 0c 00 00 06 04 00 06 02 00 00 0d 00 0c 00 00 06 04 00 0e 02 00 00 0b 00 0c 00 00 02 00 00 0d 07 04 00 01 02 00 01 01 0b 04 00 00 00 01 01 06 04 04 00 00 00 00 02 00 00 09 00 0c 00 00 00 02 00 08 00 00 00 00 00 00 05 0b 02 00 01 01 09 00 00 01 03 0e 0c 04 00 00 02 0a 04 08 00 05 00 02 00 09 00 00 00 00 00 00 05 01 02 02 0b 0b 07 04 00 00 00 00 0f 0f 02 00 01 0b 00 08 00 00 00 0e 00 00 00 00 0f 0f 00 00 00 00 0f 0f 00 00 00 00 0f 0f 00 00 00 00 0f 0f 00 00 00 00 0f 0f 00 00 00 00 01 01
21 25 4d 50 00 00 01 12 74 02 72 02 00 00 00 00
21 25 4d 50 00 00 04 11 08 00 00 00 00 01 00 00 00 00 00 03 00 00 00 00 00 00 00 00
21 25 4d 50 00 00 03 12 10 00 00 00 00 01 00 00 00 00 00 03 00 08 00 00 00 00 00 00 01 05 00 00 00 00 00 00 00 00 01 01 00 00 00 00
