   0.000 -> cmd=11 len=  16 off=   0 03 00 0a 01 08 00 00 00 15 00 00 00 00 11 00 00
   0.012 <- cmd=12 len=  20 off=   0 03 00 0a 01 0c 00 00 00 19 00 00 00 00 00 00 25 44 11 00 00
   0.067 -> cmd=11 len=  16 off=   0 03 00 0a 01 08 00 00 00 15 00 00 00 00 11 00 00
   0.068 <- cmd=12 len=  20 off=   0 03 00 0a 01 0c 00 00 00 19 00 00 00 00 00 00 25 44 11 00 00
   1.140 -> cmd=12 len=  19 off=   0 02 00 04 01 0b 00 00 00 18 00 00 00 00 00 00 01 11 00 00
   1.315 <- cmd=12 len=  16 off=   0 03 00 00 03 08 00 00 00 15 01 00 00 00 11 00 00
  20.015 -> cmd=12 len=  19 off=   0 02 00 04 01 0b 00 00 00 18 00 00 01 00 00 00 01 11 00 00
  22.359 -> cmd=12 len=  19 off=   0 02 00 04 01 0b 00 00 00 18 00 ff ff ff ff ff 01 11 00 00
  24.756 -> cmd=11 len=  16 off=   0 03 00 0a 01 08 00 00 00 15 00 00 00 00 11 00 00
  24.763 <- cmd=12 len=  20 off=   0 03 00 0a 01 0c 00 00 00 19 00 00 00 00 00 00 25 44 11 00 00
  24.824 -> cmd=11 len=  16 off=   0 03 00 0a 01 08 00 00 00 15 00 00 00 00 11 00 00
  24.824 <- cmd=12 len=  20 off=   0 03 00 0a 01 0c 00 00 00 19 00 00 00 00 00 00 25 44 11 00 00
  25.899 -> cmd=12 len=  19 off=   0 02 00 04 01 0b 00 00 00 18 00 00 00 00 00 00 01 11 00 00
  28.085 -> cmd=12 len=  19 off=   0 02 00 04 01 0b 00 00 00 18 00 00 23 00 00 00 01 11 00 00
  55.429 -> cmd=12 len=  24 off=   0 07 00 09 01 10 00 00 00 1d 00 00 00 00 55 53 42 53 43 4e 00 00 11 00 00
 115.275 <- cmd=12 len=  32 off=   0 00 00 01 00 18 00 00 00 25 02 02 01 01 00 00 00 00 01 00 00 00 01 01 00 00 00 32 60 81 11 00 00
 115.277 -> cmd=11 len=   8 off=   0 00 00 01 00 00 00 00 00
 131.432 -> cmd=11 len=   8 off=   0 00 00 02 00 00 00 00 00
 131.456 <- cmd=12 len=  24 off=   0 00 00 02 00 10 00 00 00 1d 00 00 00 00 00 01 03 02 01 5a 60 81 11 00 00
 133.782 -> cmd=11 len=   8 off=   0 00 00 07 00 00 00 00 00
 133.798 <- cmd=12 len=  30 off=   0 00 00 07 00 16 00 00 00 23 00 01 29 29 10 0f 10 0f 00 00 00 81 f7 00 33 00 78 00 11 00 00
 134.284 -> cmd=11 len=   8 off=   0 00 00 08 00 00 00 00 00
 134.301 <- cmd=12 len=  28 off=   0 00 00 08 00 14 00 00 00 21 00 00 00 00 00 00 05 27 26 32 00 37 01 5a 60 81 11 00 00
 136.112 -> cmd=11 len=   8 off=   0 00 00 06 00 00 00 00 00
 136.135 <- cmd=12 len=  24 off=   0 00 00 06 00 10 00 00 00 1d 03 10 10 10 10 00 00 04 10 5a 60 81 11 00 00
 138.501 -> cmd=11 len=   8 off=   0 00 00 03 00 00 00 00 00
 138.519 <- cmd=12 len=  94 off=   0 00 00 03 00 56 00 00 00 02 00 00 00 00 00 90 00 03 a0 41 8f c2 35 3f 89 01 00 2a 2c 00 03 80 3f 00 00 c8 42 28 6c 00 7e 01 fa 43 2c 3e 00 c8 44 2b 3f 00 40 9c 45 28 3c 00 03 00 00 00 40 9c 46 34 3c 00 00 04 c8 42 00 00 00 00 00 00 00 00 00 00 00 00 00 00 00 00 00 00 80 3f 11 00 00
 140.801 -> cmd=11 len=   8 off=   0 00 00 08 00 00 00 00 00
 140.828 <- cmd=12 len=  28 off=   0 00 00 08 00 14 00 00 00 21 00 00 00 00 00 00 05 27 26 32 00 37 01 5a 60 81 11 00 00
 143.149 -> cmd=11 len=   8 off=   0 00 00 01 00 00 00 00 00
 143.177 <- cmd=12 len=  32 off=   0 00 00 01 00 18 00 00 00 25 02 02 01 01 00 00 00 00 01 00 00 00 01 01 00 00 00 32 60 81 11 00 00
 155.161 -> cmd=12 len=  13 off=   0 10 00 01 00 05 00 00 00 12 01 11 00 00
 158.519 -> cmd=12 len=  13 off=   0 10 00 01 00 05 00 00 00 12 01 11 00 00
 160.951 <- cmd=12 len=  30 off=   0 00 00 07 00 16 00 00 00 23 00 01 29 29 10 0f 10 0f 00 00 00 00 f7 00 33 00 78 00 11 00 00
 161.001 -> cmd=11 len=   8 off=   0 00 00 07 00 00 00 00 00
 161.725 <- cmd=12 len=  20 off=   0 03 00 0a 01 0c 00 00 00 19 00 00 00 00 00 00 25 44 11 00 00
 161.756 -> cmd=11 len=  16 off=   0 03 00 0a 01 08 00 00 00 15 00 00 00 00 11 00 00
 174.307 -> cmd=12 len=  33 off=   0 00 00 00 05 19 00 00 00 26 7d 00 00 00 54 45 53 54 2d 55 53 42 00 00 00 00 00 00 00 00 00 11 00 00
 174.621 <- cmd=12 len=  16 off=   0 03 00 00 03 08 00 00 00 15 00 00 00 00 11 00 00
 174.810 -> cmd=12 len=  16 off=   0 00 00 09 00 08 00 00 00 15 60 00 00 00 11 00 00
 175.012 -> cmd=11 len=  16 off=   0 00 00 00 01 08 00 00 00 15 60 00 00 00 11 00 00
 175.040 <- cmd=12 len= 540 off=   0 00 00 00 01 14 02 00 00 00 20 60 00 00 00 00 00 00 00 0a 00 00 00 07 01 0c 03 07 05 02 02 03 06 01 00 00 00 65 00 00 00 03 00 00 00 50 69 63 6b 20 53 74 72 75 6d 6d 69 6e 67 00 00 20 30 04 00 08 02 00 00 00 06 00 00 00 01 02 07 c8 0e 09 0f 00 00 00 0c 20 21 ff 0d 10 0f ff 60 00 05 10 0f 12 04 00 00 00 48 68 0f 00 01 01 02 03 04 05 06 07 08 09 0a 0b 00 00 05 01 01 0f 09 0b 69 04 1b c8 07 01 7d 00 00 08 6c 09 0d 06 00 00 01 03 00 00 06 08 00 00 04 0c 00 00 0c 6c 04 2a 0c 00 03 05 00 00 00 27 19 62 0a f0 41 74 00 20 3d 0c 00 06 20 42 00 00 60 42 00 00
 175.063 <- cmd=12 len= 540 off= 185 48 29 0d 00 70 cc 01 20 2b e5 01 34 cd 0a a0 6c 1a 02 42 00 00 08 42 28 74 01 6c 10 28 34 00 20 15 25 00 c8 29 3c 01 20 15 04 01 20 01 d4 00 07 a0 c0 00 00 52 43 00 00 a0 40 bc 25 20 01 c4 00 20 11 84 00 20 43 1c 03 03 8c 42 66 66 a6 3f 20 39 0c 03 74 1e 9f 3c 00 00 00 6c 3b 2a 6c 09 6c 03 20 00 b8 0c 00 20 00 00 00 00 00 00 00 00 00 00 00 00 00 00 00 00 00 00 af bd 12 01 81 00 00 22 81 61 00 89 01 01 20 09 2e 00 28 00 e6 00 78 00 e4 00 80 09 2a 60 5f 20 00 0e 2c 00 05 53 63 65 6e 65 20 31 00 bd 00 32 dd 00 33 dd 00 34 dd 00 35 23 7d 66 1c 22 a3 66
 175.113 <- cmd=12 len= 540 off= 370 00 05 00 98 00 20 00 79 74 59 22 68 63 6c 00 e0 34 2a 2c 00 03 00 00 01 00 05 00 66 64 06 ff 7c 03 6c 03 ec 00 7c 01 36 0c 00 6c 04 6c 03 fc 00 6c 01 22 b8 61 7c 00 28 0c 00 22 f4 6e 04 0a 01 00 00 01 01 05 68 0c cc 00 98 0d ec 01 28 b0 00 20 06 24 00 64 0e 20 0b 0c 00 20 06 58 01 20 18 98 00 01 16 44 00 00 20 09 0c 00 22 25 72 5b 29 ac 01 90 95 29 3c 00 a8 9f e0 02 2f 74 00 e0 03 3a 1c 00 06 09 00 00 00 51 00 00 00 ff 20 1b 08 00 00 02 00 00 ff 00 00 ff 00 00 ff 00 00 ff 00 00 ff 00 00 ff 00 00 11 00 00
 175.143 -> cmd=11 len=   8 off=   0 01 00 00 03 00 00 00 00
 175.163 <- cmd=12 len=  16 off=   0 01 00 00 03 08 00 00 00 15 00 00 00 00 11 00 00
 175.313 -> cmd=11 len=  16 off=   0 03 00 0a 01 08 00 00 00 15 00 00 00 00 11 00 00
 175.313 <- cmd=12 len=  20 off=   0 03 00 0a 01 0c 00 00 00 19 00 00 00 00 00 00 25 44 11 00 00
 175.379 -> cmd=11 len=  16 off=   0 03 00 0a 01 08 00 00 00 15 00 00 00 00 11 00 00
 175.379 <- cmd=12 len=  20 off=   0 03 00 0a 01 0c 00 00 00 19 00 00 00 00 00 00 25 44 11 00 00
 189.764 -> cmd=12 len=  16 off=   0 00 00 09 00 08 00 00 00 15 7d 00 00 00 11 00 00
 189.953 -> cmd=11 len=  16 off=   0 00 00 00 01 08 00 00 00 15 7d 00 00 00 11 00 00
 189.987 <- cmd=12 len= 551 off=   0 00 00 00 01 1f 02 00 00 00 24 7d 00 00 00 00 00 00 00 0a 00 00 00 07 01 0c 03 07 05 02 02 03 06 01 00 00 00 65 00 00 00 03 00 00 00 54 45 53 54 2d 55 53 42 00 53 57 45 45 00 ff ff ff 00 00 00 20 2c 04 00 05 02 00 00 00 06 00 00 00 a8 0b 69 0e 0f b5 01 ff e0 00 05 10 0f 12 04 00 00 00 48 78 0e 0f 01 02 03 04 05 06 07 08 09 0a 0b 00 03 ff 0e 04 06 0a 94 04 05 23 00 00 00 01 00 00 03 70 01 7c 09 09 3e 00 00 07 20 00 00 09 35 00 00 0b 6c 02 2e 0c 00 03 05 00 00 00 27 19 62 0a 40 c0 74 00 20 3d 0c 00 07 f0 41 00 00 8c 42 00 00 48 42 20 3d 9c 01 20 4b 75
 190.004 <- cmd=12 len= 551 off= 185 01 c8 20 36 2c 03 6c 25 7c 24 2a 0c 00 20 37 5c 03 6c 0c 03 98 41 00 42 9c 46 20 31 84 01 03 a0 41 00 00 fa 43 20 ad cc 07 20 31 94 04 20 00 12 44 01 20 00 00 00 00 00 00 00 00 00 00 00 00 00 00 00 00 00 00 af bd 12 01 23 98 5e 22 7f 61 00 00 01 70 01 70 00 24 ec 5e 74 01 23 38 50 a0 01 cc 04 29 be 00 64 00 e6 00 78 00 e4 00 98 07 05 ff ff ff fd ff fd fd fd 2e 90 5f 20 00 02 3c 00 0c 55 53 42 53 43 4e 00 00 53 63 65 6e 65 20 32 dd 00 33 dd 00 34 dd 00 35 23 7d 66 1c 22 a3 66 00 05 00 98 00 80 35 23 cc 66 90 2c d8 01 22 0c 67 20 14 3c 00 90 06 39 10
 190.054 <- cmd=12 len= 551 off= 370 00 20 1f 7c 01 2e fc 00 39 a8 01 88 03 2e bc 00 2e 3c 00 90 04 39 10 00 2e bc 00 2e 3c 00 2e e8 00 2e 7c 00 2e 3c 00 2e bc 00 2e 3c 00 2e bc 00 2e 3c 00 2e bd 00 06 23 14 6f 22 0a 67 c8 42 2e 6c 00 2e 3e 00 00 00 7c 04 64 0a fc 00 6c 01 22 e8 64 28 fc 07 6d 06 07 22 18 71 6d 77 01 74 01 32 0c 00 7c 06 20 0d 0c 00 64 0e 20 0b 0c 00 20 0d 74 01 20 11 b4 00 01 16 44 00 00 20 09 0c 00 02 08 00 00 00 5b 20 11 90 01 3e c4 00 2a 68 05 02 09 00 00 00 51 22 bb 74 00 00 ff 20 1b 08 00 0e 00 00 ff 00 00 ff 00 00 ff 00 00 ff 00 00 ff 00 00 11 00 00
 190.088 -> cmd=11 len=   8 off=   0 01 00 00 03 00 00 00 00
 190.104 <- cmd=12 len=  16 off=   0 01 00 00 03 08 00 00 00 15 00 00 00 00 11 00 00
 190.255 -> cmd=11 len=  16 off=   0 03 00 0a 01 08 00 00 00 15 00 00 00 00 11 00 00
 190.256 <- cmd=12 len=  20 off=   0 03 00 0a 01 0c 00 00 00 19 00 00 00 00 00 00 25 44 11 00 00
 190.323 -> cmd=11 len=  16 off=   0 03 00 0a 01 08 00 00 00 15 00 00 00 00 11 00 00
 190.324 <- cmd=12 len=  20 off=   0 03 00 0a 01 0c 00 00 00 19 00 00 00 00 00 00 25 44 11 00 00
 193.240 -> cmd=12 len=  16 off=   0 02 00 09 01 08 00 00 00 15 00 00 79 00 11 00 00
 193.417 <- cmd=12 len=  16 off=   0 03 00 00 03 08 00 00 00 15 01 00 00 00 11 00 00
 195.628 -> cmd=12 len=  16 off=   0 02 00 09 01 08 00 00 00 15 00 00 78 00 11 00 00
 215.863 -> cmd=11 len=   8 off=   0 00 00 03 01 00 00 00 00
 215.900 <- cmd=12 len=  28 off=   0 00 00 03 01 14 00 00 00 21 ff ff ff ff ff ff ff ff ff ff ff ff 10 0f 12 00 11 00 00
 249.580 -> cmd=12 len=  19 off=   0 01 00 03 01 0b 00 00 00 18 1d ff ff ff ff ff ff 11 00 00
 251.676 -> cmd=12 len=  19 off=   0 01 00 03 01 0b 00 00 00 18 ff ff ff ff ff ff ff 11 00 00
 708.935 <- cmd=12 len=  32 off=   0 00 00 01 00 18 00 00 00 25 02 02 01 01 00 00 00 00 01 00 00 00 01 01 00 01 00 32 60 81 11 00 00
 708.970 -> cmd=11 len=   8 off=   0 00 00 01 00 00 00 00 00
 723.530 -> cmd=12 len=  13 off=   0 10 00 01 00 05 00 00 00 12 00 11 00 00
 724.335 -> cmd=11 len=   8 off=   0 00 00 01 00 00 00 00 00
 724.368 <- cmd=12 len=  32 off=   0 00 00 01 00 18 00 00 00 25 02 02 01 01 00 00 00 00 01 00 00 00 01 01 00 00 00 32 60 81 11 00 00
 802.183 -> cmd=12 len=  16 off=   0 00 00 09 00 08 00 00 00 15 7d 00 00 00 11 00 00
 803.874 -> cmd=12 len=  19 off=   0 02 00 04 01 0b 00 00 00 18 00 00 2a 00 00 07 01 11 00 00
 804.582 -> cmd=12 len=  24 off=   0 07 00 09 01 10 00 00 00 1d 00 00 00 00 55 53 42 54 57 4f 00 00 11 00 00
 804.771 -> cmd=12 len=  16 off=   0 02 00 09 01 08 00 00 00 15 00 00 79 00 11 00 00
 805.648 -> cmd=12 len=  33 off=   0 00 00 00 05 19 00 00 00 26 7d 00 00 00 54 45 53 54 2d 55 53 42 00 00 00 00 00 00 00 00 00 11 00 00
 806.841 -> cmd=12 len=  16 off=   0 00 00 09 00 08 00 00 00 15 7d 00 00 00 11 00 00
 808.628 -> cmd=11 len=   8 off=   0 00 00 03 01 00 00 00 00
 809.894 -> cmd=11 len=   8 off=   0 00 00 01 00 00 00 00 00
 821.454 -> cmd=11 len=   8 off=   0 00 00 03 01 00 00 00 00
 822.657 -> cmd=11 len=   8 off=   0 00 00 01 00 00 00 00 00
 823.836 -> cmd=11 len=   8 off=   0 01 00 00 03 00 00 00 00
 839.311 -> cmd=11 len=   8 off=   0 01 00 00 03 00 00 00 00
 842.355 -> cmd=11 len=  16 off=   0 00 00 00 01 08 00 00 00 15 7d 00 00 00 11 00 00
 845.754 -> cmd=11 len=  16 off=   0 03 00 0a 01 08 00 00 00 15 00 00 00 00 11 00 00
 845.820 -> cmd=11 len=  16 off=   0 03 00 0a 01 08 00 00 00 15 01 00 00 00 11 00 00
